0.005 0.00021989624584421106 0.0 0.0 0.0 0.0 
0.015 0.0004321566082015524 0.0 0.0 0.0 0.0 
0.024999999999999998 0.0006688551270575243 0.0 0.0 0.0 0.0 
0.035 0.000597183578605671 0.0 0.0 0.0 0.0 
0.045000000000000005 0.0010763759398715524 0.0 0.0 0.0 0.0 
0.055 0.0015916776060294845 0.0 0.0 0.0 0.0 
0.065 0.0016556073518215616 0.0 0.0 0.0 0.0 
0.075 0.003602866102387347 0.0 0.0 0.0 0.0 
0.08499999999999999 0.002578651919527795 0.0 0.0 0.0 0.0 
0.095 0.002691110387915847 0.0 0.0 0.0 0.0 
0.105 0.004438069563583354 0.0 0.0 0.0 0.0 
0.11499999999999999 0.007035523862040398 4.91773567450618e-05 0.0 0.0 0.0 
0.125 0.012324929568811614 0.00011885798368347818 0.0 0.0 0.0 
0.135 0.11094219748879626 9.326700928028944e-05 0.0 0.0 0.0 
0.145 1.0689043276807075 3.9565599647815043e-05 0.0 0.0 0.0 
0.155 2.1909653041846693 4.1922596947451725e-05 0.0 0.0 0.0 
0.165 2.7500084157826756 4.2117292180990594e-05 5.810790092468092e-05 0.0 0.0 
0.175 2.7705373317120623 0.00013427618061284468 5.529925391775422e-05 0.0 0.0 
0.185 2.7891787859478425 0.0002543053544720727 2.6077305537507964e-05 5.3377484467866256e-05 0.0 
0.195 3.1934843905174293 0.0002997346877766878 2.943110154006014e-05 5.0852971314648626e-05 0.0 
0.205 3.7071529363416653 0.0002538342212512868 0.00014899931054723108 0.0 0.0 
0.215 4.1745992373125125 0.0004081187974329495 0.00011045072789635315 0.0 0.0 
0.225 4.44278911181771 0.0005180685399866118 0.00016420478744542973 0.0 0.0 
0.235 4.589854446885178 0.0019293862122587023 0.0001401857018077046 5.77719273863775e-05 0.0 
0.245 4.669529980677711 0.004480621778441804 0.0002011074073257161 0.0 0.0 
0.255 5.014718687105325 0.006179519315427616 0.00017246548509037782 0.0 0.0 
0.265 5.628832775551677 0.0062452085197483255 0.000252615626052583 0.0 0.0 
0.275 6.313879908240251 0.0047840961618243775 0.0002862336315447535 0.0 0.0 
0.285 6.915861235501929 0.006354848397676083 0.00033566710826326445 0.0 6.388367824270946e-05 
0.295 7.134285325730378 0.014014844503293673 0.0004544157342682023 0.0 6.798183874819508e-05 
0.305 6.922133060151857 0.06438720016329863 0.0004477507609358557 6.057438974150437e-05 0.0 
0.315 6.332114328289779 0.25289643173617793 0.0006638180219657774 5.912484492327343e-05 6.934796906215897e-05 
0.325 5.557939456423044 0.7660603429383234 0.00062225286853295 0.0 0.0 
0.335 4.436903865885096 1.732775885608287 0.0006662855429844589 0.0 6.522024118195611e-05 
0.34500000000000003 3.210076147474442 2.8782930189282987 0.0007403874399821515 0.0 0.0 
0.355 2.1584610823016153 3.876259409131788 0.0008303412336601621 0.0 5.887163078919825e-05 
0.365 1.416078159549002 4.597689867613598 0.0010760398710713411 5.7638498752033325e-05 0.0 
0.375 0.9182193195650029 4.9983492207228135 0.0018427611790806243 0.0 6.0525186816215506e-05 
0.385 0.6037150023681617 5.309067146849659 0.0015625243802401658 5.252553789164149e-05 0.0 
0.395 0.38996305982750185 5.5655577717756675 0.002235366422638668 0.0 0.00012482291160404474 
0.405 0.2494784566365291 5.855708403400912 0.002955591321065653 5.1963269762113333e-05 6.641568168772305e-05 
0.415 0.15886013633056345 6.234686418827617 0.003140369206289286 5.9882364299049586e-05 0.0002463268516252279 
0.425 0.08031587890710376 6.595617175152234 0.0056784556637335705 0.0 5.4159834026647855e-05 
0.435 0.0361771273246408 7.023720939948107 0.008059245392616519 0.0 6.335987245357758e-05 
0.445 0.01212623915110059 7.36472016373439 0.01990981455405326 0.0 0.00012599881269179778 
0.455 0.004110066976111348 7.703833053267691 0.06245460697153326 0.00010507224605313764 0.0002676869476830753 
0.465 0.0015036251949536034 7.8581305239769925 0.19415889315689 0.00011263792420681886 0.0003207380846186567 
0.475 0.0008988548089706872 7.496983381895023 0.5870903481292427 0.00027382948434530026 0.00012110609156619 
0.485 0.0008917398632532411 6.281394143225738 1.518815581584476 0.00032496526266757495 0.00037303951259941867 
0.495 0.0006735481945848949 4.17634128834586 2.9352949289502455 0.0009538544042425211 0.00043501794263715654 
0.505 0.0004506132287715846 2.1229325008873823 4.401132569580686 0.0019740852962876134 0.0005978957977483616 
0.515 0.000879881620390831 0.824241514250067 5.408160425653356 0.0017459760013288613 0.0006862981956505636 
0.525 0.00046247147163399477 0.26635644158344524 5.971077894075896 0.00284236532725242 0.0009573233523833616 
0.535 0.0003106859629951452 0.07280728142936112 6.2374053952293265 0.004640750957126747 0.0009406548859294964 
0.545 0.00015415715721133158 0.02029767097855193 6.436797057036859 0.005413210326242569 0.0015127681554147573 
0.555 0.0004482415801991026 0.004728887471786635 6.554854295854993 0.005047199527408946 0.0018855386136449406 
0.5650000000000001 0.00046484312020647677 0.0020910420488260487 6.65617206872909 0.007703435598022433 0.0024988712032030743 
0.575 0.0003035710172776991 0.000821578939026266 6.702801832865447 0.023173627467827335 0.004145191272796653 
0.585 7.82644028919068e-05 0.0010991022595669112 6.619799396393465 0.07787950553367383 0.003826437905158713 
0.595 0.0003676055287347138 0.0005385601071877864 6.465587931629504 0.2092771555947449 0.005069475320755866 
0.605 0.0 0.0004368931481778472 6.082892330614433 0.5280767623197203 0.007839467129040328 
0.615 0.00015415715721133158 0.000395676813444088 5.590722725883191 1.0224169618401173 0.011081945489953116 
0.625 0.00014941386006636753 0.000681443400931485 4.913794221113605 1.6921394448780362 0.011704259314597622 
0.635 0.0001470422114938855 0.0003407217004657425 4.1374537309035375 2.481845593593829 0.014274726886660722 
0.645 0.0 0.0004204066142843435 3.397082281633956 3.319956662048279 0.02157548620614302 
0.655 0.0 0.0001731086058817885 2.6784475965836316 4.140523653681043 0.03011614366633285 
0.665 0.0 0.000346217211763577 2.0400933082180304 4.844550800892781 0.03974589710618707 
0.675 0.0 0.00024455025275363774 1.4881520966655128 5.379631703026198 0.05155337667420226 
0.685 0.0 0.00017036085023287124 1.0377785678486702 5.826470357580014 0.07074590150721348 
0.6950000000000001 8.300770003687085e-05 0.0001758563615307058 0.7030683571255654 6.112656375076762 0.10344247726078637 
0.705 8.537934860935288e-05 4.121633473375917e-05 0.45361156954131604 6.412996023063399 0.15158598606019377 
0.715 7.589275431942478e-05 0.0002637845422960587 0.2784085753611482 6.552222709977536 0.2375365477220355 
0.725 0.0 9.067593641427018e-05 0.16209441287970394 6.63793895173887 0.37987634247123464 
0.735 0.0 0.0001346400267969466 0.0969398555148006 6.593832268615578 0.5795721510245522 
0.745 7.352110574694275e-05 0.0001731086058817885 0.05080002258189641 6.482163705335644 0.8958656392062477 
0.755 0.00015415715721133158 0.00012914451549911205 0.029092024965410225 6.303362482940484 1.3191800342435658 
0.765 0.0 0.00012914451549911205 0.016396963579787482 5.934308811774029 1.8809919834636704 
0.775 0.0 0.00012364900420127752 0.009901105091435271 5.3566768195462995 2.647324466522954 
0.785 0.0 9.067593641427018e-05 0.006109307263609415 4.580972202223358 3.6387060161121023 
0.795 0.0 0.0 0.004552314888598893 3.6239425783279926 4.872989593429678 
0.805 0.0 0.00013189227114802934 0.0027292314379514693 2.5048255816170393 6.185778863437488 
0.8150000000000001 0.0 0.0 0.0021431119064809954 1.5532149844515881 7.327028739211503 
0.8250000000000001 8.063605146438883e-05 4.396409038267645e-05 0.0015623861130301888 0.8503090994531104 8.06217577434683 
0.835 0.0 3.846857908484189e-05 0.0013664136316489568 0.4369825664164797 8.42883849230576 
0.845 0.0 4.121633473375917e-05 0.0012441555698698397 0.22949373810215087 8.444478832756715 
0.855 0.0 0.0 0.0010931309053191654 0.1205035852131589 8.274295222846158 
0.865 0.0 0.0 0.0011704411502677248 0.06069700946320246 7.895470283696842 
0.875 0.0 0.0 0.0007389421086943702 0.03284118593484978 7.195287746748841 
0.885 0.0 0.0 0.0007047817679031462 0.017664711928048058 6.239401213987041 
0.895 0.0 0.0 0.0004620635570181341 0.009737896836077604 4.978700412168849 
0.905 0.0 0.0001621175832861194 0.0004998197231558027 0.0046956604199520045 3.5671932751347835 
0.915 0.0 0.0 0.0002804743770226806 0.0031422890319739378 2.30145781887563 
0.925 0.0 0.0 0.0003811574867231301 0.0021789854938914295 1.3692135401084173 
0.935 0.0 8.79281807653529e-05 0.00026968690098334673 0.0008548874572282037 0.7760845873604928 
0.9450000000000001 0.0 4.121633473375917e-05 0.0002571015122707906 0.0009064295284540205 0.5066816238466564 
0.955 0.0 0.0 0.0003991366134553532 0.0008815471492415571 0.3455664326819521 
0.965 0.0 0.0 0.00014742883920422956 0.00036612643698338864 0.24647518468401877 
0.975 0.0 4.396409038267645e-05 0.00022653699682601128 0.0003767903137887301 0.19086485385639637 
0.985 0.0 4.396409038267645e-05 0.0002445161235582344 0.00010663876805341418 0.15680959301432426 
0.995 0.0 4.121633473375917e-05 0.00016720587860967497 0.00038034493939051055 0.11497634306072871 
1.0050000000000001 0.0 0.0 0.00031103889246745993 5.331938402670709e-05 0.08006704484968911 
1.0150000000000001 0.0 0.0 0.00035958253464446233 0.0001030841424516337 0.06236347509638489 
1.0250000000000001 0.0 0.0 5.573529286989166e-05 0.00020794559770415764 0.049932023832975125 
1.0350000000000001 0.0 0.0 0.0002283349094992336 0.00015995815208012126 0.0367819313688488 
1.0450000000000002 0.0 0.0 0.00014383301385778493 0.0 0.03291793302876417 
1.0550000000000002 0.0 0.0 0.00014203510118456262 0.00016351277768190175 0.027045905362619374 
1.0650000000000002 0.0 0.0 0.00011147058573978332 0.00015462621367745056 0.021575900165281228 
1.0750000000000002 0.0 4.9459601680511e-05 5.393738019666935e-05 0.0 0.01779730556209334 
1.0850000000000002 0.0 0.0 0.00011686432375945026 0.0 0.017599418854649652 
1.0950000000000002 0.0 0.0 2.5170777425112365e-05 0.0001030841424516337 0.011217051785097453 
1.1050000000000002 0.0 0.0 0.00011866223643267258 0.0001226345832614263 0.008523709545890209 
1.1150000000000002 0.0 0.0 8.629980831467096e-05 6.220594803115827e-05 0.006028254014126653 
1.1250000000000002 0.0 0.0 0.00010967267306656101 5.331938402670709e-05 0.0051471374115089705 
1.1350000000000002 0.0 0.0 2.5170777425112365e-05 0.0 0.004653462151886297 
1.1450000000000002 0.0 0.0 5.034155485022473e-05 0.0 0.004361839635653494 
1.155 0.0 4.121633473375917e-05 0.0 0.0 0.004843016787437619 
1.165 0.0 4.396409038267645e-05 2.6968690098334675e-05 0.0 0.004984662009607837 
1.175 0.0 0.0 0.0 0.0 0.005134639303670421 
1.185 0.0 0.0 8.629980831467096e-05 0.0 0.001833055816320475 
1.195 0.0 0.0 0.0 0.0 0.0 
1.205 0.0 0.0 0.0 0.0 0.0 
1.215 0.0 0.0 0.0 0.0 0.0 
1.225 0.0 0.0 0.0 0.0 0.0 
1.235 0.0 0.0 0.0 0.0 0.0 
1.245 0.0 0.0 0.0 0.0 0.0 
1.2550000000000001 0.0 0.0 0.0 0.0 0.0 
1.2650000000000001 0.0 0.0 0.0 0.0 0.0 
1.2750000000000001 0.0 0.0 0.0 0.0 0.0 
1.2850000000000001 0.0 0.0 0.0 0.0 0.0 
1.2950000000000002 0.0 0.0 0.0 0.0 0.0 
1.3050000000000002 0.0 0.0 0.0 0.0 0.0 
1.3150000000000002 0.0 0.0 0.0 0.0 0.0 
1.3250000000000002 0.0 0.0 0.0 0.0 0.0 
1.3350000000000002 0.0 0.0 0.0 0.0 0.0 
1.3450000000000002 0.0 0.0 0.0 0.0 0.0 
1.3550000000000002 0.0 0.0 0.0 0.0 0.0 
1.3650000000000002 0.0 0.0 0.0 0.0 0.0 
1.3750000000000002 0.0 0.0 0.0 0.0 0.0 
1.3850000000000002 0.0 0.0 0.0 0.0 0.0 
1.3950000000000002 0.0 0.0 0.0 0.0 0.0 
1.405 0.0 0.0 0.0 0.0 0.0 
1.415 0.0 0.0 0.0 0.0 0.0 
1.425 0.0 0.0 0.0 0.0 0.0 
1.435 0.0 0.0 0.0 0.0 0.0 
1.445 0.0 0.0 0.0 0.0 0.0 
1.455 0.0 0.0 0.0 0.0 0.0 
1.465 0.0 0.0 0.0 0.0 0.0 
1.475 0.0 0.0 0.0 0.0 0.0 
1.485 0.0 0.0 0.0 0.0 0.0 
1.495 0.0 0.0 0.0 0.0 0.0 
1.5050000000000001 0.0 0.0 0.0 0.0 0.0 
1.5150000000000001 0.0 0.0 0.0 0.0 0.0 
1.5250000000000001 0.0 0.0 0.0 0.0 0.0 
1.5350000000000001 0.0 0.0 0.0 0.0 0.0 
1.5450000000000002 0.0 0.0 0.0 0.0 0.0 
1.5550000000000002 0.0 0.0 0.0 0.0 0.0 
1.5650000000000002 0.0 0.0 0.0 0.0 0.0 
1.5750000000000002 0.0 0.0 0.0 0.0 0.0 
1.5850000000000002 0.0 0.0 0.0 0.0 0.0 
1.5950000000000002 0.0 0.0 0.0 0.0 0.0 
1.6050000000000002 0.0 0.0 0.0 0.0 0.0 
1.6150000000000002 0.0 0.0 0.0 0.0 0.0 
1.6250000000000002 0.0 0.0 0.0 0.0 0.0 
1.6350000000000002 0.0 0.0 0.0 0.0 0.0 
1.6450000000000002 0.0 0.0 0.0 0.0 0.0 
1.6550000000000002 0.0 0.0 0.0 0.0 0.0 
1.665 0.0 0.0 0.0 0.0 0.0 
1.675 0.0 0.0 0.0 0.0 0.0 
1.685 0.0 0.0 0.0 0.0 0.0 
1.695 0.0 0.0 0.0 0.0 0.0 
1.705 0.0 0.0 0.0 0.0 0.0 
1.715 0.0 0.0 0.0 0.0 0.0 
1.725 0.0 0.0 0.0 0.0 0.0 
1.735 0.0 0.0 0.0 0.0 0.0 
1.745 0.0 0.0 0.0 0.0 0.0 
1.7550000000000001 0.0 0.0 0.0 0.0 0.0 
1.7650000000000001 0.0 0.0 0.0 0.0 0.0 
1.7750000000000001 0.0 0.0 0.0 0.0 0.0 
1.7850000000000001 0.0 0.0 0.0 0.0 0.0 
1.7950000000000002 0.0 0.0 0.0 0.0 0.0 
1.8050000000000002 0.0 0.0 0.0 0.0 0.0 
1.8150000000000002 0.0 0.0 0.0 0.0 0.0 
1.8250000000000002 0.0 0.0 0.0 0.0 0.0 
1.8350000000000002 0.0 0.0 0.0 0.0 0.0 
1.8450000000000002 0.0 0.0 0.0 0.0 0.0 
1.8550000000000002 0.0 0.0 0.0 0.0 0.0 
1.8650000000000002 0.0 0.0 0.0 0.0 0.0 
1.8750000000000002 0.0 0.0 0.0 0.0 0.0 
1.8850000000000002 0.0 0.0 0.0 0.0 0.0 
1.8950000000000002 0.0 0.0 0.0 0.0 0.0 
1.9050000000000002 0.0 0.0 0.0 0.0 0.0 
1.915 0.0 0.0 0.0 0.0 0.0 
1.925 0.0 0.0 0.0 0.0 0.0 
1.935 0.0 0.0 0.0 0.0 0.0 
1.945 0.0 0.0 0.0 0.0 0.0 
1.955 0.0 0.0 0.0 0.0 0.0 
1.965 0.0 0.0 0.0 0.0 0.0 
1.975 0.0 0.0 0.0 0.0 0.0 
1.985 0.0 0.0 0.0 0.0 0.0 
1.995 0.0 0.0 0.0 0.0 0.0 
2.0050000000000003 0.0 0.0 0.0 0.0 0.0 
2.015 0.0 0.0 0.0 0.0 0.0 
2.0250000000000004 0.0 0.0 0.0 0.0 0.0 
2.035 0.0 0.0 0.0 0.0 0.0 
2.045 0.0 0.0 0.0 0.0 0.0 
2.055 0.0 0.0 0.0 0.0 0.0 
2.065 0.0 0.0 0.0 0.0 0.0 
2.075 0.0 0.0 0.0 0.0 0.0 
2.085 0.0 0.0 0.0 0.0 0.0 
2.095 0.0 0.0 0.0 0.0 0.0 
2.105 0.0 0.0 0.0 0.0 0.0 
2.115 0.0 0.0 0.0 0.0 0.0 
2.125 0.0 0.0 0.0 0.0 0.0 
2.1350000000000002 0.0 0.0 0.0 0.0 0.0 
2.145 0.0 0.0 0.0 0.0 0.0 
2.1550000000000002 0.0 0.0 0.0 0.0 0.0 
2.165 0.0 0.0 0.0 0.0 0.0 
2.1750000000000003 0.0 0.0 0.0 0.0 0.0 
2.185 0.0 0.0 0.0 0.0 0.0 
2.1950000000000003 0.0 0.0 0.0 0.0 0.0 
2.205 0.0 0.0 0.0 0.0 0.0 
2.2150000000000003 0.0 0.0 0.0 0.0 0.0 
2.225 0.0 0.0 0.0 0.0 0.0 
2.2350000000000003 0.0 0.0 0.0 0.0 0.0 
2.245 0.0 0.0 0.0 0.0 0.0 
2.2550000000000003 0.0 0.0 0.0 0.0 0.0 
2.265 0.0 0.0 0.0 0.0 0.0 
2.2750000000000004 0.0 0.0 0.0 0.0 0.0 
2.285 0.0 0.0 0.0 0.0 0.0 
2.2950000000000004 0.0 0.0 0.0 0.0 0.0 
2.305 0.0 0.0 0.0 0.0 0.0 
2.315 0.0 0.0 0.0 0.0 0.0 
2.325 0.0 0.0 0.0 0.0 0.0 
2.335 0.0 0.0 0.0 0.0 0.0 
2.345 0.0 0.0 0.0 0.0 0.0 
2.355 0.0 0.0 0.0 0.0 0.0 
2.365 0.0 0.0 0.0 0.0 0.0 
2.375 0.0 0.0 0.0 0.0 0.0 
2.3850000000000002 0.0 0.0 0.0 0.0 0.0 
2.395 0.0 0.0 0.0 0.0 0.0 
2.4050000000000002 0.0 0.0 0.0 0.0 0.0 
2.415 0.0 0.0 0.0 0.0 0.0 
2.4250000000000003 0.0 0.0 0.0 0.0 0.0 
2.435 0.0 0.0 0.0 0.0 0.0 
2.4450000000000003 0.0 0.0 0.0 0.0 0.0 
2.455 0.0 0.0 0.0 0.0 0.0 
2.4650000000000003 0.0 0.0 0.0 0.0 0.0 
2.475 0.0 0.0 0.0 0.0 0.0 
2.4850000000000003 0.0 0.0 0.0 0.0 0.0 
2.495 0.0 0.0 0.0 0.0 0.0 
2.5050000000000003 0.0 0.0 0.0 0.0 0.0 
2.515 0.0 0.0 0.0 0.0 0.0 
2.5250000000000004 0.0 0.0 0.0 0.0 0.0 
2.535 0.0 0.0 0.0 0.0 0.0 
2.5450000000000004 0.0 0.0 0.0 0.0 0.0 
2.555 0.0 0.0 0.0 0.0 0.0 
2.565 0.0 0.0 0.0 0.0 0.0 
2.575 0.0 0.0 0.0 0.0 0.0 
2.585 0.0 0.0 0.0 0.0 0.0 
2.595 0.0 0.0 0.0 0.0 0.0 
2.605 0.0 0.0 0.0 0.0 0.0 
2.615 0.0 0.0 0.0 0.0 0.0 
2.625 0.0 0.0 0.0 0.0 0.0 
2.6350000000000002 0.0 0.0 0.0 0.0 0.0 
2.645 0.0 0.0 0.0 0.0 0.0 
2.6550000000000002 0.0 0.0 0.0 0.0 0.0 
2.665 0.0 0.0 0.0 0.0 0.0 
2.6750000000000003 0.0 0.0 0.0 0.0 0.0 
2.685 0.0 0.0 0.0 0.0 0.0 
2.6950000000000003 0.0 0.0 0.0 0.0 0.0 
2.705 0.0 0.0 0.0 0.0 0.0 
2.7150000000000003 0.0 0.0 0.0 0.0 0.0 
2.725 0.0 0.0 0.0 0.0 0.0 
2.7350000000000003 0.0 0.0 0.0 0.0 0.0 
2.745 0.0 0.0 0.0 0.0 0.0 
2.7550000000000003 0.0 0.0 0.0 0.0 0.0 
2.765 0.0 0.0 0.0 0.0 0.0 
2.7750000000000004 0.0 0.0 0.0 0.0 0.0 
2.785 0.0 0.0 0.0 0.0 0.0 
2.7950000000000004 0.0 0.0 0.0 0.0 0.0 
2.805 0.0 0.0 0.0 0.0 0.0 
2.815 0.0 0.0 0.0 0.0 0.0 
2.825 0.0 0.0 0.0 0.0 0.0 
2.835 0.0 0.0 0.0 0.0 0.0 
2.845 0.0 0.0 0.0 0.0 0.0 
2.855 0.0 0.0 0.0 0.0 0.0 
2.865 0.0 0.0 0.0 0.0 0.0 
2.875 0.0 0.0 0.0 0.0 0.0 
2.8850000000000002 0.0 0.0 0.0 0.0 0.0 
2.895 0.0 0.0 0.0 0.0 0.0 
2.9050000000000002 0.0 0.0 0.0 0.0 0.0 
2.915 0.0 0.0 0.0 0.0 0.0 
2.9250000000000003 0.0 0.0 0.0 0.0 0.0 
2.935 0.0 0.0 0.0 0.0 0.0 
2.9450000000000003 0.0 0.0 0.0 0.0 0.0 
2.955 0.0 0.0 0.0 0.0 0.0 
2.9650000000000003 0.0 0.0 0.0 0.0 0.0 
2.975 0.0 0.0 0.0 0.0 0.0 
2.9850000000000003 0.0 0.0 0.0 0.0 0.0 
2.995 0.0 0.0 0.0 0.0 0.0 
3.0050000000000003 0.0 0.0 0.0 0.0 0.0 
3.015 0.0 0.0 0.0 0.0 0.0 
3.0250000000000004 0.0 0.0 0.0 0.0 0.0 
3.035 0.0 0.0 0.0 0.0 0.0 
3.0450000000000004 0.0 0.0 0.0 0.0 0.0 
3.055 0.0 0.0 0.0 0.0 0.0 
3.0650000000000004 0.0 0.0 0.0 0.0 0.0 
3.075 0.0 0.0 0.0 0.0 0.0 
3.085 0.0 0.0 0.0 0.0 0.0 
3.095 0.0 0.0 0.0 0.0 0.0 
3.105 0.0 0.0 0.0 0.0 0.0 
3.115 0.0 0.0 0.0 0.0 0.0 
3.125 0.0 0.0 0.0 0.0 0.0 
3.1350000000000002 0.0 0.0 0.0 0.0 0.0 
3.145 0.0 0.0 0.0 0.0 0.0 
3.1550000000000002 0.0 0.0 0.0 0.0 0.0 
3.165 0.0 0.0 0.0 0.0 0.0 
3.1750000000000003 0.0 0.0 0.0 0.0 0.0 
3.185 0.0 0.0 0.0 0.0 0.0 
3.1950000000000003 0.0 0.0 0.0 0.0 0.0 
3.205 0.0 0.0 0.0 0.0 0.0 
3.2150000000000003 0.0 0.0 0.0 0.0 0.0 
3.225 0.0 0.0 0.0 0.0 0.0 
3.2350000000000003 0.0 0.0 0.0 0.0 0.0 
3.245 0.0 0.0 0.0 0.0 0.0 
3.2550000000000003 0.0 0.0 0.0 0.0 0.0 
3.265 0.0 0.0 0.0 0.0 0.0 
3.2750000000000004 0.0 0.0 0.0 0.0 0.0 
3.285 0.0 0.0 0.0 0.0 0.0 
3.2950000000000004 0.0 0.0 0.0 0.0 0.0 
3.305 0.0 0.0 0.0 0.0 0.0 
3.3150000000000004 0.0 0.0 0.0 0.0 0.0 
3.325 0.0 0.0 0.0 0.0 0.0 
3.335 0.0 0.0 0.0 0.0 0.0 
3.345 0.0 0.0 0.0 0.0 0.0 
3.355 0.0 0.0 0.0 0.0 0.0 
3.365 0.0 0.0 0.0 0.0 0.0 
3.375 0.0 0.0 0.0 0.0 0.0 
3.3850000000000002 0.0 0.0 0.0 0.0 0.0 
3.395 0.0 0.0 0.0 0.0 0.0 
3.4050000000000002 0.0 0.0 0.0 0.0 0.0 
3.415 0.0 0.0 0.0 0.0 0.0 
3.4250000000000003 0.0 0.0 0.0 0.0 0.0 
3.435 0.0 0.0 0.0 0.0 0.0 
3.4450000000000003 0.0 0.0 0.0 0.0 0.0 
3.455 0.0 0.0 0.0 0.0 0.0 
3.4650000000000003 0.0 0.0 0.0 0.0 0.0 
3.475 0.0 0.0 0.0 0.0 0.0 
3.4850000000000003 0.0 0.0 0.0 0.0 0.0 
3.495 0.0 0.0 0.0 0.0 0.0 
3.5050000000000003 0.0 0.0 0.0 0.0 0.0 
3.515 0.0 0.0 0.0 0.0 0.0 
3.5250000000000004 0.0 0.0 0.0 0.0 0.0 
3.535 0.0 0.0 0.0 0.0 0.0 
3.5450000000000004 0.0 0.0 0.0 0.0 0.0 
3.555 0.0 0.0 0.0 0.0 0.0 
3.5650000000000004 0.0 0.0 0.0 0.0 0.0 
3.575 0.0 0.0 0.0 0.0 0.0 
3.585 0.0 0.0 0.0 0.0 0.0 
3.595 0.0 0.0 0.0 0.0 0.0 
3.605 0.0 0.0 0.0 0.0 0.0 
3.615 0.0 0.0 0.0 0.0 0.0 
3.625 0.0 0.0 0.0 0.0 0.0 
3.6350000000000002 0.0 0.0 0.0 0.0 0.0 
3.645 0.0 0.0 0.0 0.0 0.0 
3.6550000000000002 0.0 0.0 0.0 0.0 0.0 
3.665 0.0 0.0 0.0 0.0 0.0 
3.6750000000000003 0.0 0.0 0.0 0.0 0.0 
3.685 0.0 0.0 0.0 0.0 0.0 
3.6950000000000003 0.0 0.0 0.0 0.0 0.0 
3.705 0.0 0.0 0.0 0.0 0.0 
3.7150000000000003 0.0 0.0 0.0 0.0 0.0 
3.725 0.0 0.0 0.0 0.0 0.0 
3.7350000000000003 0.0 0.0 0.0 0.0 0.0 
3.745 0.0 0.0 0.0 0.0 0.0 
3.7550000000000003 0.0 0.0 0.0 0.0 0.0 
3.765 0.0 0.0 0.0 0.0 0.0 
3.7750000000000004 0.0 0.0 0.0 0.0 0.0 
3.785 0.0 0.0 0.0 0.0 0.0 
3.7950000000000004 0.0 0.0 0.0 0.0 0.0 
3.805 0.0 0.0 0.0 0.0 0.0 
3.8150000000000004 0.0 0.0 0.0 0.0 0.0 
3.825 0.0 0.0 0.0 0.0 0.0 
3.835 0.0 0.0 0.0 0.0 0.0 
3.845 0.0 0.0 0.0 0.0 0.0 
3.855 0.0 0.0 0.0 0.0 0.0 
3.865 0.0 0.0 0.0 0.0 0.0 
3.875 0.0 0.0 0.0 0.0 0.0 
3.8850000000000002 0.0 0.0 0.0 0.0 0.0 
3.895 0.0 0.0 0.0 0.0 0.0 
3.9050000000000002 0.0 0.0 0.0 0.0 0.0 
3.915 0.0 0.0 0.0 0.0 0.0 
3.9250000000000003 0.0 0.0 0.0 0.0 0.0 
3.935 0.0 0.0 0.0 0.0 0.0 
3.9450000000000003 0.0 0.0 0.0 0.0 0.0 
3.955 0.0 0.0 0.0 0.0 0.0 
3.9650000000000003 0.0 0.0 0.0 0.0 0.0 
3.975 0.0 0.0 0.0 0.0 0.0 
3.9850000000000003 0.0 0.0 0.0 0.0 0.0 
3.995 0.0 0.0 0.0 0.0 0.0 
4.005 0.0 0.0 0.0 0.0 0.0 
4.015000000000001 0.0 0.0 0.0 0.0 0.0 
4.025 0.0 0.0 0.0 0.0 0.0 
4.035 0.0 0.0 0.0 0.0 0.0 
4.045 0.0 0.0 0.0 0.0 0.0 
4.055000000000001 0.0 0.0 0.0 0.0 0.0 
4.065 0.0 0.0 0.0 0.0 0.0 
4.075 0.0 0.0 0.0 0.0 0.0 
4.085 0.0 0.0 0.0 0.0 0.0 
4.095 0.0 0.0 0.0 0.0 0.0 
4.105 0.0 0.0 0.0 0.0 0.0 
4.115 0.0 0.0 0.0 0.0 0.0 
4.125 0.0 0.0 0.0 0.0 0.0 
4.135 0.0 0.0 0.0 0.0 0.0 
4.1450000000000005 0.0 0.0 0.0 0.0 0.0 
4.155 0.0 0.0 0.0 0.0 0.0 
4.165 0.0 0.0 0.0 0.0 0.0 
4.175 0.0 0.0 0.0 0.0 0.0 
4.1850000000000005 0.0 0.0 0.0 0.0 0.0 
4.195 0.0 0.0 0.0 0.0 0.0 
4.205 0.0 0.0 0.0 0.0 0.0 
4.215 0.0 0.0 0.0 0.0 0.0 
4.2250000000000005 0.0 0.0 0.0 0.0 0.0 
4.235 0.0 0.0 0.0 0.0 0.0 
4.245 0.0 0.0 0.0 0.0 0.0 
4.255 0.0 0.0 0.0 0.0 0.0 
4.265000000000001 0.0 0.0 0.0 0.0 0.0 
4.275 0.0 0.0 0.0 0.0 0.0 
4.285 0.0 0.0 0.0 0.0 0.0 
4.295 0.0 0.0 0.0 0.0 0.0 
4.305000000000001 0.0 0.0 0.0 0.0 0.0 
4.315 0.0 0.0 0.0 0.0 0.0 
4.325 0.0 0.0 0.0 0.0 0.0 
4.335 0.0 0.0 0.0 0.0 0.0 
4.345000000000001 0.0 0.0 0.0 0.0 0.0 
4.355 0.0 0.0 0.0 0.0 0.0 
4.365 0.0 0.0 0.0 0.0 0.0 
4.375 0.0 0.0 0.0 0.0 0.0 
4.385 0.0 0.0 0.0 0.0 0.0 
4.3950000000000005 0.0 0.0 0.0 0.0 0.0 
4.405 0.0 0.0 0.0 0.0 0.0 
4.415 0.0 0.0 0.0 0.0 0.0 
4.425 0.0 0.0 0.0 0.0 0.0 
4.4350000000000005 0.0 0.0 0.0 0.0 0.0 
4.445 0.0 0.0 0.0 0.0 0.0 
4.455 0.0 0.0 0.0 0.0 0.0 
4.465 0.0 0.0 0.0 0.0 0.0 
4.4750000000000005 0.0 0.0 0.0 0.0 0.0 
4.485 0.0 0.0 0.0 0.0 0.0 
4.495 0.0 0.0 0.0 0.0 0.0 
4.505 0.0 0.0 0.0 0.0 0.0 
4.515000000000001 0.0 0.0 0.0 0.0 0.0 
4.525 0.0 0.0 0.0 0.0 0.0 
4.535 0.0 0.0 0.0 0.0 0.0 
4.545 0.0 0.0 0.0 0.0 0.0 
4.555000000000001 0.0 0.0 0.0 0.0 0.0 
4.565 0.0 0.0 0.0 0.0 0.0 
4.575 0.0 0.0 0.0 0.0 0.0 
4.585 0.0 0.0 0.0 0.0 0.0 
4.595000000000001 0.0 0.0 0.0 0.0 0.0 
4.605 0.0 0.0 0.0 0.0 0.0 
4.615 0.0 0.0 0.0 0.0 0.0 
4.625 0.0 0.0 0.0 0.0 0.0 
4.635 0.0 0.0 0.0 0.0 0.0 
4.6450000000000005 0.0 0.0 0.0 0.0 0.0 
4.655 0.0 0.0 0.0 0.0 0.0 
4.665 0.0 0.0 0.0 0.0 0.0 
4.675 0.0 0.0 0.0 0.0 0.0 
4.6850000000000005 0.0 0.0 0.0 0.0 0.0 
4.695 0.0 0.0 0.0 0.0 0.0 
4.705 0.0 0.0 0.0 0.0 0.0 
4.715 0.0 0.0 0.0 0.0 0.0 
4.7250000000000005 0.0 0.0 0.0 0.0 0.0 
4.735 0.0 0.0 0.0 0.0 0.0 
4.745 0.0 0.0 0.0 0.0 0.0 
4.755 0.0 0.0 0.0 0.0 0.0 
4.765000000000001 0.0 0.0 0.0 0.0 0.0 
4.775 0.0 0.0 0.0 0.0 0.0 
4.785 0.0 0.0 0.0 0.0 0.0 
4.795 0.0 0.0 0.0 0.0 0.0 
4.805000000000001 0.0 0.0 0.0 0.0 0.0 
4.815 0.0 0.0 0.0 0.0 0.0 
4.825 0.0 0.0 0.0 0.0 0.0 
4.835 0.0 0.0 0.0 0.0 0.0 
4.845000000000001 0.0 0.0 0.0 0.0 0.0 
4.855 0.0 0.0 0.0 0.0 0.0 
4.865 0.0 0.0 0.0 0.0 0.0 
4.875 0.0 0.0 0.0 0.0 0.0 
4.885 0.0 0.0 0.0 0.0 0.0 
4.8950000000000005 0.0 0.0 0.0 0.0 0.0 
4.905 0.0 0.0 0.0 0.0 0.0 
4.915 0.0 0.0 0.0 0.0 0.0 
4.925 0.0 0.0 0.0 0.0 0.0 
4.9350000000000005 0.0 0.0 0.0 0.0 0.0 
4.945 0.0 0.0 0.0 0.0 0.0 
4.955 0.0 0.0 0.0 0.0 0.0 
4.965 0.0 0.0 0.0 0.0 0.0 
4.9750000000000005 0.0 0.0 0.0 0.0 0.0 
4.985 0.0 0.0 0.0 0.0 0.0 
4.995 0.0 0.0 0.0 0.0 0.0 
5.005 0.0 0.0 0.0 0.0 0.0 
5.015000000000001 0.0 0.0 0.0 0.0 0.0 
5.025 0.0 0.0 0.0 0.0 0.0 
5.035 0.0 0.0 0.0 0.0 0.0 
5.045 0.0 0.0 0.0 0.0 0.0 
5.055000000000001 0.0 0.0 0.0 0.0 0.0 
5.065 0.0 0.0 0.0 0.0 0.0 
5.075 0.0 0.0 0.0 0.0 0.0 
5.085 0.0 0.0 0.0 0.0 0.0 
5.095000000000001 0.0 0.0 0.0 0.0 0.0 
5.105 0.0 0.0 0.0 0.0 0.0 
5.115 0.0 0.0 0.0 0.0 0.0 
5.125 0.0 0.0 0.0 0.0 0.0 
5.135 0.0 0.0 0.0 0.0 0.0 
5.1450000000000005 0.0 0.0 0.0 0.0 0.0 
5.155 0.0 0.0 0.0 0.0 0.0 
5.165 0.0 0.0 0.0 0.0 0.0 
5.175 0.0 0.0 0.0 0.0 0.0 
5.1850000000000005 0.0 0.0 0.0 0.0 0.0 
5.195 0.0 0.0 0.0 0.0 0.0 
5.205 0.0 0.0 0.0 0.0 0.0 
5.215 0.0 0.0 0.0 0.0 0.0 
5.2250000000000005 0.0 0.0 0.0 0.0 0.0 
5.235 0.0 0.0 0.0 0.0 0.0 
5.245 0.0 0.0 0.0 0.0 0.0 
5.255 0.0 0.0 0.0 0.0 0.0 
5.265000000000001 0.0 0.0 0.0 0.0 0.0 
5.275 0.0 0.0 0.0 0.0 0.0 
5.285 0.0 0.0 0.0 0.0 0.0 
5.295 0.0 0.0 0.0 0.0 0.0 
5.305000000000001 0.0 0.0 0.0 0.0 0.0 
5.315 0.0 0.0 0.0 0.0 0.0 
5.325 0.0 0.0 0.0 0.0 0.0 
5.335 0.0 0.0 0.0 0.0 0.0 
5.345000000000001 0.0 0.0 0.0 0.0 0.0 
5.355 0.0 0.0 0.0 0.0 0.0 
5.365 0.0 0.0 0.0 0.0 0.0 
5.375 0.0 0.0 0.0 0.0 0.0 
5.385 0.0 0.0 0.0 0.0 0.0 
5.3950000000000005 0.0 0.0 0.0 0.0 0.0 
5.405 0.0 0.0 0.0 0.0 0.0 
5.415 0.0 0.0 0.0 0.0 0.0 
5.425 0.0 0.0 0.0 0.0 0.0 
5.4350000000000005 0.0 0.0 0.0 0.0 0.0 
5.445 0.0 0.0 0.0 0.0 0.0 
5.455 0.0 0.0 0.0 0.0 0.0 
5.465 0.0 0.0 0.0 0.0 0.0 
5.4750000000000005 0.0 0.0 0.0 0.0 0.0 
5.485 0.0 0.0 0.0 0.0 0.0 
5.495 0.0 0.0 0.0 0.0 0.0 
5.505 0.0 0.0 0.0 0.0 0.0 
5.515000000000001 0.0 0.0 0.0 0.0 0.0 
5.525 0.0 0.0 0.0 0.0 0.0 
5.535 0.0 0.0 0.0 0.0 0.0 
5.545 0.0 0.0 0.0 0.0 0.0 
5.555000000000001 0.0 0.0 0.0 0.0 0.0 
5.565 0.0 0.0 0.0 0.0 0.0 
5.575 0.0 0.0 0.0 0.0 0.0 
5.585 0.0 0.0 0.0 0.0 0.0 
5.595000000000001 0.0 0.0 0.0 0.0 0.0 
5.605 0.0 0.0 0.0 0.0 0.0 
5.615 0.0 0.0 0.0 0.0 0.0 
5.625 0.0 0.0 0.0 0.0 0.0 
5.635 0.0 0.0 0.0 0.0 0.0 
5.6450000000000005 0.0 0.0 0.0 0.0 0.0 
5.655 0.0 0.0 0.0 0.0 0.0 
5.665 0.0 0.0 0.0 0.0 0.0 
5.675 0.0 0.0 0.0 0.0 0.0 
5.6850000000000005 0.0 0.0 0.0 0.0 0.0 
5.695 0.0 0.0 0.0 0.0 0.0 
5.705 0.0 0.0 0.0 0.0 0.0 
5.715 0.0 0.0 0.0 0.0 0.0 
5.7250000000000005 0.0 0.0 0.0 0.0 0.0 
5.735 0.0 0.0 0.0 0.0 0.0 
5.745 0.0 0.0 0.0 0.0 0.0 
5.755 0.0 0.0 0.0 0.0 0.0 
5.765000000000001 0.0 0.0 0.0 0.0 0.0 
5.775 0.0 0.0 0.0 0.0 0.0 
5.785 0.0 0.0 0.0 0.0 0.0 
5.795 0.0 0.0 0.0 0.0 0.0 
5.805000000000001 0.0 0.0 0.0 0.0 0.0 
5.815 0.0 0.0 0.0 0.0 0.0 
5.825 0.0 0.0 0.0 0.0 0.0 
5.835 0.0 0.0 0.0 0.0 0.0 
5.845000000000001 0.0 0.0 0.0 0.0 0.0 
5.855 0.0 0.0 0.0 0.0 0.0 
5.865 0.0 0.0 0.0 0.0 0.0 
5.875 0.0 0.0 0.0 0.0 0.0 
5.885 0.0 0.0 0.0 0.0 0.0 
5.8950000000000005 0.0 0.0 0.0 0.0 0.0 
5.905 0.0 0.0 0.0 0.0 0.0 
5.915 0.0 0.0 0.0 0.0 0.0 
5.925 0.0 0.0 0.0 0.0 0.0 
5.9350000000000005 0.0 0.0 0.0 0.0 0.0 
5.945 0.0 0.0 0.0 0.0 0.0 
5.955 0.0 0.0 0.0 0.0 0.0 
5.965 0.0 0.0 0.0 0.0 0.0 
5.9750000000000005 0.0 0.0 0.0 0.0 0.0 
5.985 0.0 0.0 0.0 0.0 0.0 
5.995 0.0 0.0 0.0 0.0 0.0 
